3.1415926535
8979323846
2643383279
3.1415926535
8979323846
2643383279
3.1415926535
8979323846
2643383279
3.1415926535
8979323846
2643383279
3.1415926535
8979323846
2643383279
3.1415926535
8979323846
2643383279
3.1415926535
8979323846
2643383279
3.1415926535
8979323846
2643383279
3.1415926535
8979323846
2643383279
3.1415926535
8979323846
2643383279
3.1415926535
8979323846
2643383279
3.1415926535
8979323846
2643383279
3.1415926535
8979323846
2643383279
3.1415926535
8979323846
2643383279
080595
3.1415926535
8979323846
2643383279
3.1415926535
8979323846
2643383279
3.1415926535
8979323846
2643383279
3.1415926535
8979323846
2643383279
3.1415926535
8979323846
2643383279
3.1415926535
8979323846
2643383279
3.1415926535
8979323846
2643383279
3.1415926535
8979323846
2643383279
3.1415926535
8979323846
2643383279
3.1415926535
8979323846
2643383279
